Distribution  | Instance | Zeta | Objective | Total tour time | Average decision time (s) | Maximum decision time (s)


R101         | 1         | 1.00            | 66             | 631          | 0.330               | 0.575        
R101         | 2         | 1.00            | 58             | 632          | 0.297               | 0.611        
R101         | 3         | 1.00            | 63             | 632          | 0.404               | 1.287        
R101         | 4         | 1.00            | 60             | 630          | 0.586               | 1.544        
R101         | 5         | 1.00            | 71             | 632          | 0.440               | 1.618        
R101         | 6         | 1.00            | 60             | 629          | 0.283               | 0.579        
R101         | 7         | 1.00            | 59             | 631          | 0.224               | 0.341        
R101         | 8         | 1.00            | 63             | 630          | 0.231               | 0.377        
R101         | 9         | 1.00            | 66             | 632          | 0.229               | 0.382        
R101         | 10         | 1.00            | 65             | 631          | 0.253               | 0.376        
R101         | 1         | 1.25            | 81             | 789          | 0.308               | 0.460        
R101         | 2         | 1.25            | 81             | 787          | 0.291               | 0.555        
R101         | 3         | 1.25            | 82             | 788          | 0.288               | 0.435        
R101         | 4         | 1.25            | 80             | 789          | 0.340               | 0.644        
R101         | 5         | 1.25            | 81             | 789          | 0.341               | 0.598        
R101         | 6         | 1.25            | 82             | 790          | 0.300               | 0.552        
R101         | 7         | 1.25            | 81             | 790          | 0.295               | 0.463        
R101         | 8         | 1.25            | 78             | 789          | 0.303               | 0.479        
R101         | 9         | 1.25            | 79             | 788          | 0.262               | 0.440        
R101         | 10         | 1.25            | 81             | 788          | 0.347               | 0.706        
R101         | 1         | 1.50            | 98             | 938          | 0.311               | 0.458        
R101         | 2         | 1.50            | 91             | 948          | 0.328               | 0.611        
R101         | 3         | 1.50            | 87             | 948          | 0.328               | 0.663        
R101         | 4         | 1.50            | 95             | 947          | 0.329               | 0.541        
R101         | 5         | 1.50            | 93             | 948          | 0.363               | 0.585        
R101         | 6         | 1.50            | 96             | 945          | 0.309               | 0.470        
R101         | 7         | 1.50            | 87             | 947          | 0.339               | 0.611        
R101         | 8         | 1.50            | 99             | 938          | 0.314               | 0.456        
R101         | 9         | 1.50            | 95             | 946          | 0.343               | 0.566        
R101         | 10         | 1.50            | 96             | 948          | 0.341               | 0.606        
C101         | 1         | 1.00            | 63             | 504          | 0.244               | 0.433        
C101         | 2         | 1.00            | 59             | 504          | 0.238               | 0.354        
C101         | 3         | 1.00            | 57             | 501          | 0.221               | 0.334        
C101         | 4         | 1.00            | 46             | 504          | 0.203               | 0.341        
C101         | 5         | 1.00            | 52             | 505          | 0.210               | 0.403        
C101         | 6         | 1.00            | 58             | 505          | 0.257               | 0.469        
C101         | 7         | 1.00            | 51             | 504          | 0.205               | 0.373        
C101         | 8         | 1.00            | 56             | 505          | 0.233               | 0.390        
C101         | 9         | 1.00            | 45             | 505          | 0.197               | 0.346        
C101         | 10         | 1.00            | 58             | 504          | 0.238               | 0.443        
C101         | 1         | 1.25            | 73             | 631          | 0.289               | 0.503        
C101         | 2         | 1.25            | 74             | 631          | 0.318               | 0.759        
C101         | 3         | 1.25            | 66             | 631          | 0.267               | 0.430        
C101         | 4         | 1.25            | 72             | 631          | 0.286               | 0.517        
C101         | 5         | 1.25            | 70             | 630          | 0.297               | 0.586        
C101         | 6         | 1.25            | 79             | 631          | 0.300               | 0.772        
C101         | 7         | 1.25            | 74             | 630          | 0.294               | 0.448        
C101         | 8         | 1.25            | 75             | 631          | 0.283               | 0.464        
C101         | 9         | 1.25            | 67             | 631          | 0.263               | 0.398        
C101         | 10         | 1.25            | 75             | 631          | 0.314               | 0.509        
C101         | 1         | 1.50            | 89             | 758          | 0.444               | 0.917        
C101         | 2         | 1.50            | 82             | 758          | 0.560               | 1.559        
C101         | 3         | 1.50            | 83             | 757          | 0.378               | 0.845        
C101         | 4         | 1.50            | 95             | 758          | 0.347               | 0.568        
C101         | 5         | 1.50            | 83             | 757          | 0.327               | 0.662        
C101         | 6         | 1.50            | 90             | 757          | 0.374               | 0.792        
C101         | 7         | 1.50            | 89             | 757          | 0.452               | 1.650        
C101         | 8         | 1.50            | 86             | 756          | 0.325               | 0.442        
C101         | 9         | 1.50            | 87             | 756          | 0.414               | 1.074        
C101         | 10         | 1.50            | 89             | 757          | 0.539               | 1.629        

///
R101         | 1         | 1.00            | 68             | 629          | 0.206               | 0.318        
R101         | 2         | 1.00            | 66             | 631          | 0.206               | 0.327        
R101         | 3         | 1.00            | 67             | 630          | 0.232               | 0.396        
R101         | 4         | 1.00            | 67             | 631          | 0.255               | 0.784        
R101         | 5         | 1.00            | 71             | 630          | 0.313               | 1.058        
R101         | 6         | 1.00            | 69             | 632          | 0.270               | 0.580        
R101         | 7         | 1.00            | 62             | 631          | 0.211               | 0.377        
R101         | 8         | 1.00            | 71             | 632          | 0.232               | 0.652        
R101         | 9         | 1.00            | 67             | 630          | 0.224               | 0.635        
R101         | 10         | 1.00            | 70             | 630          | 0.244               | 0.507        
R101         | 1         | 1.25            | 89             | 790          | 0.288               | 0.590        
R101         | 2         | 1.25            | 87             | 789          | 0.302               | 0.788        
R101         | 3         | 1.25            | 84             | 790          | 0.300               | 0.806        
R101         | 4         | 1.25            | 87             | 790          | 0.291               | 0.558        
R101         | 5         | 1.25            | 85             | 789          | 0.360               | 0.842        
R101         | 6         | 1.25            | 79             | 790          | 0.255               | 0.415        
R101         | 7         | 1.25            | 84             | 789          | 0.273               | 0.657        
R101         | 8         | 1.25            | 87             | 788          | 0.283               | 0.434        
R101         | 9         | 1.25            | 81             | 789          | 0.286               | 0.629        
R101         | 10         | 1.25            | 86             | 787          | 0.308               | 0.762        
R101         | 1         | 1.50            | 100             | 933          | 0.303               | 0.528        
R101         | 2         | 1.50            | 95             | 946          | 0.309               | 0.670        
R101         | 3         | 1.50            | 97             | 947          | 0.362               | 0.718        
R101         | 4         | 1.50            | 94             | 947          | 0.335               | 0.679        
R101         | 5         | 1.50            | 94             | 946          | 0.340               | 0.683        
R101         | 6         | 1.50            | 98             | 931          | 0.307               | 0.640        
R101         | 7         | 1.50            | 100             | 945          | 0.291               | 0.439        
R101         | 8         | 1.50            | 99             | 946          | 0.377               | 0.743        
R101         | 9         | 1.50            | 94             | 948          | 0.286               | 0.534        
R101         | 10         | 1.50            | 96             | 947          | 0.328               | 0.621        
C101         | 1         | 1.00            | 55             | 504          | 0.221               | 0.343        
C101         | 2         | 1.00            | 62             | 502          | 0.229               | 0.532        
C101         | 3         | 1.00            | 61             | 504          | 0.232               | 0.538        
C101         | 4         | 1.00            | 63             | 504          | 0.222               | 0.387        
C101         | 5         | 1.00            | 60             | 505          | 0.222               | 0.616        
C101         | 6         | 1.00            | 67             | 498          | 0.263               | 0.757        
C101         | 7         | 1.00            | 58             | 504          | 0.216               | 0.433        
C101         | 8         | 1.00            | 60             | 505          | 0.216               | 0.466        
C101         | 9         | 1.00            | 55             | 503          | 0.220               | 0.417        
C101         | 10         | 1.00            | 58             | 504          | 0.211               | 0.366        
C101         | 1         | 1.25            | 76             | 631          | 0.292               | 0.752        
C101         | 2         | 1.25            | 75             | 626          | 0.305               | 0.572        
C101         | 3         | 1.25            | 74             | 631          | 0.260               | 0.557        
C101         | 4         | 1.25            | 75             | 631          | 0.359               | 1.268        
C101         | 5         | 1.25            | 78             | 629          | 0.298               | 0.634        
C101         | 6         | 1.25            | 77             | 630          | 0.316               | 0.927        
C101         | 7         | 1.25            | 78             | 631          | 0.299               | 0.750        
C101         | 8         | 1.25            | 77             | 631          | 0.282               | 0.780        
C101         | 9         | 1.25            | 73             | 631          | 0.266               | 0.559        
C101         | 10         | 1.25            | 79             | 630          | 0.277               | 0.490        
C101         | 1         | 1.50            | 91             | 755          | 0.423               | 1.847        
C101         | 2         | 1.50            | 92             | 757          | 0.388               | 0.849        
C101         | 3         | 1.50            | 83             | 757          | 0.268               | 0.483        
C101         | 4         | 1.50            | 83             | 758          | 0.316               | 0.700        
C101         | 5         | 1.50            | 91             | 757          | 0.430               | 1.561        
C101         | 6         | 1.50            | 91             | 753          | 0.317               | 0.615        
C101         | 7         | 1.50            | 90             | 757          | 0.526               | 1.251        
C101         | 8         | 1.50            | 89             | 757          | 0.288               | 0.419        
C101         | 9         | 1.50            | 91             | 757          | 0.290               | 0.642        
C101         | 10         | 1.50            | 87             | 757          | 0.277               | 0.461        
C201         | 1         | 1.00            | 58             | 529          | 0.344               | 1.283        
C201         | 2         | 1.00            | 64             | 529          | 0.289               | 1.192        
C201         | 3         | 1.00            | 65             | 528          | 0.213               | 0.358        
C201         | 4         | 1.00            | 63             | 529          | 0.222               | 0.366        
C201         | 5         | 1.00            | 58             | 526          | 0.199               | 0.312        
C201         | 6         | 1.00            | 60             | 527          | 0.236               | 0.425        
C201         | 7         | 1.00            | 58             | 529          | 0.196               | 0.293        
C201         | 8         | 1.00            | 57             | 527          | 0.253               | 0.533        
C201         | 9         | 1.00            | 58             | 528          | 0.231               | 0.372        
C201         | 10         | 1.00            | 62             | 529          | 0.301               | 0.929        
C201         | 1         | 1.25            | 71             | 660          | 0.280               | 0.442        
C201         | 2         | 1.25            | 70             | 661          | 0.235               | 0.388        
C201         | 3         | 1.25            | 67             | 661          | 0.246               | 0.420        
C201         | 4         | 1.25            | 77             | 661          | 0.268               | 0.492        
C201         | 5         | 1.25            | 74             | 661          | 0.255               | 0.502        
C201         | 6         | 1.25            | 75             | 659          | 0.294               | 1.019        
C201         | 7         | 1.25            | 75             | 661          | 0.290               | 0.685        
C201         | 8         | 1.25            | 72             | 661          | 0.364               | 0.889        
C201         | 9         | 1.25            | 76             | 660          | 0.255               | 0.565        
C201         | 10         | 1.25            | 75             | 661          | 0.250               | 0.479        
C201         | 1         | 1.50            | 91             | 793          | 0.337               | 0.507        
C201         | 2         | 1.50            | 86             | 792          | 0.359               | 0.796        
C201         | 3         | 1.50            | 87             | 794          | 0.308               | 0.604        
C201         | 4         | 1.50            | 88             | 793          | 0.305               | 0.514        
C201         | 5         | 1.50            | 88             | 793          | 0.283               | 0.369        
C201         | 6         | 1.50            | 89             | 793          | 0.423               | 1.158        
C201         | 7         | 1.50            | 89             | 792          | 0.432               | 1.358        
C201         | 8         | 1.50            | 82             | 791          | 0.276               | 0.597        
C201         | 9         | 1.50            | 85             | 793          | 0.264               | 0.433        
C201         | 10         | 1.50            | 91             | 791          | 0.310               | 0.561        
RC101         | 1         | 1.00            | 54             | 614          | 0.183               | 0.281        
RC101         | 2         | 1.00            | 59             | 613          | 0.193               | 0.337        
RC101         | 3         | 1.00            | 54             | 613          | 0.288               | 0.605        
RC101         | 4         | 1.00            | 58             | 614          | 0.197               | 0.424        
RC101         | 5         | 1.00            | 57             | 613          | 0.204               | 0.384        
RC101         | 6         | 1.00            | 57             | 613          | 0.210               | 0.430        
RC101         | 7         | 1.00            | 61             | 612          | 0.205               | 0.434        
RC101         | 8         | 1.00            | 63             | 615          | 0.370               | 1.025        
RC101         | 9         | 1.00            | 59             | 612          | 0.288               | 0.898        
RC101         | 10         | 1.00            | 61             | 611          | 0.240               | 0.734        
RC101         | 1         | 1.25            | 74             | 766          | 0.273               | 0.623        
RC101         | 2         | 1.25            | 72             | 767          | 0.285               | 0.636        
RC101         | 3         | 1.25            | 70             | 768          | 0.294               | 0.538        
RC101         | 4         | 1.25            | 72             | 768          | 0.335               | 0.520        
RC101         | 5         | 1.25            | 69             | 769          | 0.385               | 1.205        
RC101         | 6         | 1.25            | 72             | 768          | 0.328               | 1.151        
RC101         | 7         | 1.25            | 68             | 769          | 0.417               | 1.202        
RC101         | 8         | 1.25            | 73             | 768          | 0.259               | 0.389        
RC101         | 9         | 1.25            | 68             | 769          | 0.286               | 0.688        
RC101         | 10         | 1.25            | 72             | 767          | 0.293               | 0.939        
RC101         | 1         | 1.50            | 83             | 921          | 0.440               | 1.337        
RC101         | 2         | 1.50            | 79             | 923          | 0.450               | 1.127        
RC101         | 3         | 1.50            | 96             | 919          | 0.332               | 1.029        
RC101         | 4         | 1.50            | 87             | 920          | 0.321               | 0.697        
RC101         | 5         | 1.50            | 87             | 922          | 0.386               | 0.728        
RC101         | 6         | 1.50            | 91             | 922          | 0.351               | 0.731        
RC101         | 7         | 1.50            | 88             | 922          | 0.372               | 0.844        
RC101         | 8         | 1.50            | 86             | 921          | 0.287               | 0.613        
RC101         | 9         | 1.50            | 82             | 922          | 0.296               | 0.620        
RC101         | 10         | 1.50            | 85             | 921          | 0.364               | 1.108        